1.375
1.75
2.1666666666666665
2.6666666666666665
3.25
3.4166666666666665
3.7083333333333335
3.8333333333333335
3.7083333333333335
3.875
4.083333333333333
3.8333333333333335
3.6666666666666665
4.0
4.0
4.041666666666667
3.9565217391304346
3.869565217391304
0.3333333333333333
0.8333333333333334
1.5
2.1666666666666665
2.5
2.8333333333333335
2.6666666666666665
2.5
3.1666666666666665
2.8333333333333335
3.3333333333333335
4.0
3.5
3.8333333333333335
4.0
4.0
4.5
4.666666666666667
4.5
4.333333333333333
4.666666666666667
4.5
4.166666666666667
4.5
4.333333333333333
4.833333333333333
4.5
4.5
4.5
4.0
4.5
4.5
4.666666666666667
4.5
4.666666666666667
4.333333333333333
4.166666666666667
4.5
4.833333333333333
4.5
4.5
4.5
4.666666666666667
4.166666666666667
4.333333333333333
4.5
4.5
4.666666666666667
4.833333333333333
4.333333333333333
4.833333333333333
4.833333333333333
4.5
4.666666666666667
4.5
4.666666666666667
4.666666666666667
4.0
4.333333333333333
4.333333333333333
4.5
4.333333333333333
4.166666666666667
5.0
4.666666666666667
4.333333333333333
4.5
4.833333333333333
4.5
4.333333333333333
4.5
4.666666666666667
4.666666666666667
4.166666666666667
4.5
4.166666666666667
4.5
4.5
4.5
4.166666666666667
4.666666666666667
4.833333333333333
4.5
4.333333333333333
4.333333333333333
4.666666666666667
4.666666666666667
4.666666666666667
4.166666666666667
4.333333333333333
4.5
4.5
4.5
4.5
4.333333333333333
4.666666666666667
4.5
4.5
4.166666666666667
4.333333333333333
4.5
4.833333333333333
4.5
4.166666666666667
4.833333333333333
4.5
4.666666666666667
4.5
4.666666666666667
4.5
4.666666666666667
4.5
4.666666666666667
4.666666666666667
4.333333333333333
4.5
4.833333333333333
4.5
4.5
4.333333333333333
4.833333333333333
4.5
4.166666666666667
4.333333333333333
4.5
4.5
4.166666666666667
4.333333333333333
4.833333333333333
4.333333333333333
4.666666666666667
4.333333333333333
4.166666666666667
4.666666666666667
4.833333333333333
4.666666666666667
4.5
4.333333333333333
4.0
4.5
4.666666666666667
4.833333333333333
4.166666666666667
4.666666666666667
4.833333333333333
4.333333333333333
4.5
4.5
4.166666666666667
4.5
4.5
4.5
4.666666666666667
4.5
4.333333333333333
4.333333333333333
4.5
4.666666666666667
4.833333333333333
4.333333333333333
4.833333333333333
4.333333333333333
4.166666666666667
4.166666666666667
4.333333333333333
4.666666666666667
4.333333333333333
4.333333333333333
4.666666666666667
4.5
4.5
4.333333333333333
4.5
4.666666666666667
4.666666666666667
4.333333333333333
4.166666666666667
4.5
4.333333333333333
4.5
4.333333333333333
4.5
4.666666666666667
4.5
4.5
4.166666666666667
4.5
4.333333333333333
4.666666666666667
4.333333333333333
4.5
4.666666666666667
4.666666666666667
4.666666666666667
4.666666666666667
4.5
4.5
4.666666666666667
4.5
4.666666666666667
4.5
4.5
4.333333333333333
4.666666666666667
4.833333333333333
4.5
4.166666666666667
4.666666666666667
4.666666666666667
4.166666666666667
4.5
4.833333333333333
4.333333333333333
4.333333333333333
4.666666666666667
4.333333333333333
4.666666666666667
4.666666666666667
4.833333333333333
4.666666666666667
4.666666666666667
4.5
4.833333333333333
4.166666666666667
4.166666666666667
4.5
4.666666666666667
4.5
4.666666666666667
4.666666666666667
4.5
4.5
4.333333333333333
4.333333333333333
4.666666666666667
4.166666666666667
4.5
4.166666666666667
4.5
4.166666666666667
4.166666666666667
4.166666666666667
4.833333333333333
4.5
4.333333333333333
4.5
4.333333333333333
4.166666666666667
4.5
4.833333333333333
4.833333333333333
4.833333333333333
4.5
4.5
4.5
4.5
4.333333333333333
4.5
4.5
4.666666666666667
4.5
4.166666666666667
5.0
4.666666666666667
4.333333333333333
4.333333333333333
4.666666666666667
4.166666666666667
4.5
4.5
4.5
4.666666666666667
4.666666666666667
4.666666666666667
4.833333333333333
4.333333333333333
4.0
4.666666666666667
4.333333333333333
4.666666666666667
4.666666666666667
4.666666666666667
4.666666666666667
4.333333333333333
4.333333333333333
4.666666666666667
4.666666666666667
4.5
4.5
4.5
4.166666666666667
4.333333333333333
4.333333333333333
4.333333333333333
4.333333333333333
4.666666666666667
4.833333333333333
4.5
4.833333333333333
4.833333333333333
4.5
3.8333333333333335
4.166666666666667
3.8333333333333335
4.166666666666667
4.5
4.5
4.5
4.333333333333333
4.5
4.666666666666667
4.166666666666667
4.666666666666667
4.333333333333333
4.5
4.333333333333333
4.333333333333333
4.333333333333333
4.166666666666667
4.333333333333333
4.5
4.5
4.333333333333333
4.5
4.666666666666667
4.666666666666667
4.5
4.333333333333333
4.666666666666667
4.333333333333333
4.666666666666667
4.833333333333333
4.166666666666667
4.333333333333333
4.666666666666667
4.333333333333333
4.833333333333333
4.5
4.5
4.5
4.666666666666667
4.833333333333333
4.333333333333333
4.333333333333333
4.5
4.666666666666667
4.666666666666667
4.333333333333333
4.5
4.5
4.666666666666667
4.5
4.5
4.5
4.5
4.166666666666667
4.166666666666667
4.5
4.833333333333333
4.5
4.666666666666667
4.5
4.166666666666667
4.666666666666667
4.333333333333333
4.5
4.833333333333333
4.5
4.5
4.333333333333333
4.666666666666667
4.333333333333333
4.666666666666667
4.666666666666667
4.5
4.5
4.5
4.5
4.333333333333333
4.333333333333333
4.5
4.5
4.333333333333333
4.333333333333333
4.666666666666667
4.166666666666667
4.5
4.5
4.833333333333333
4.666666666666667
4.666666666666667
4.333333333333333
4.5
4.166666666666667
4.833333333333333
4.666666666666667
4.5
4.833333333333333
4.666666666666667
4.666666666666667
4.5
4.5
4.333333333333333
4.333333333333333
4.0
4.666666666666667
4.666666666666667
4.5
4.833333333333333
4.5
4.666666666666667
4.5
4.5
4.333333333333333
4.833333333333333
4.666666666666667
4.333333333333333
4.333333333333333
4.166666666666667
4.666666666666667
4.666666666666667
4.5
4.333333333333333
4.666666666666667
4.666666666666667
4.333333333333333
4.5
4.833333333333333
4.666666666666667
4.666666666666667
4.5
4.833333333333333
4.666666666666667
4.5
4.333333333333333
4.666666666666667
4.666666666666667
4.666666666666667
4.0
4.333333333333333
3.8333333333333335
4.333333333333333
4.0
4.333333333333333
4.666666666666667
4.5
4.5
4.5
4.833333333333333
4.666666666666667
4.166666666666667
4.666666666666667
4.333333333333333
4.5
4.666666666666667
4.666666666666667
4.5
4.333333333333333
4.0
5.0
4.333333333333333
4.166666666666667
4.166666666666667
4.5
4.666666666666667
4.5
4.833333333333333
4.166666666666667
4.666666666666667
4.666666666666667
4.833333333333333
4.833333333333333
4.333333333333333
4.666666666666667
4.833333333333333
4.666666666666667
